1 1 径河 0 0 
1 2 三店 0 0
1 3 码头潭公园 6 0
1 4 东吴大道 0 0
1 5 五环大道 0 0
1 6 额头湾 0 0
1 7 竹叶海 0 0
1 8 舵落口 0 0
1 9 古田一 0 0
1 10 古田二 0 0
1 11 古田三 0 0
1 12 古田四 0 0
1 13 汉西一 0 0
1 14 宗关 3 0
1 15 太平洋 0 0
1 16 ~口路 0 0
1 17 崇仁路 0 0
1 18 利济北路 0 0
1 19 友谊路 0 0
1 20 循礼门 2 0
1 21 大智路 6 0
1 22 三阳路 7 0
1 23 黄浦路 8 0
1 24 头道街 0 0
1 25 二七路 0 0
1 26 徐州新村 0 0
1 27 丹水池 0 0
1 28 新荣 0 0
1 29 堤角 0 0
1 30 滕子岗 0 0
1 31 滠口新城 0 0
1 32 汉口北 0 0
2 1 天河机场 0 0
2 2 航空总部 0 0
2 3 宋家岗 0 0
2 4 巨龙大道 7 0
2 5 盘龙城 0 0
2 6 宏图大道 3 8
2 7 常青城 0 0
2 8 金银潭 0 0
2 9 常青花园 6 0
2 10 长港路 0 0
2 11 汉口火车站 0 0
2 12 范湖 3 0
2 13 王家墩东 7 0
2 14 青年路 0 0
2 15 中山公园 0 0
2 16 循礼门 1 0
2 17 江汉路 6 0
2 18 积玉桥 0 0
2 19 螃蟹岬 7 0
2 20 小龟山 0 0
2 21 洪山广场 4 0
2 22 中南路 4 0
2 23 宝通寺 0 0
2 24 街道口 8 0
2 25 广埠屯 0 0
2 26 虎泉 0 0
2 27 杨家湾 0 0
2 28 光谷广场 0 0
2 29 珞雄路 0 0
2 30 华中科技大学 0 0
2 31 光谷大道 0 0
2 32 佳园路 0 0
2 33 武汉东站 0 0
2 34 黄龙山路 0 0
2 35 金融港北 0 0
2 36 秀湖 0 0
2 37 藏龙东街 0 0
2 38 佛祖岭 0 0
3 1 宏图大道 2 8
3 2 市民之家 0 0
3 3 后湖大道 0 0
3 4 兴业路 0 0
3 5 二七小路 0 0
3 6 罗家庄 0 0
3 7 赵家条 8 0
3 8 惠济二路 0 0
3 9 香港路 6 7
3 10 菱角湖 0 0
3 11 范湖 2 0
3 12 云飞路 0 0
3 13 武汉商务区 7 0
3 14 双墩 0 0
3 15 宗关 1 0
3 16 王家湾 4 0
3 17 龙阳村 0 0
3 18 陶家岭 0 0
3 19 四新大道 0 0
3 20 汉阳客运站 0 0
3 21 三角湖 0 0
3 22 体育中心 0 0
3 23 东风公司 6 0
3 24 沌阳大道 0 0
4 1 武汉火车站 0 0
4 2 杨春湖 0 0
4 3 工业四路 0 0
4 4 仁和路 0 0
4 5 园林路 0 0
4 6 罗家港 0 0
4 7 铁机路 0 0  
4 8 岳家嘴 0 0
4 9 东亭 0 0
4 10 青鱼嘴 0 0
4 11 楚河汉街 0 0
4 12 洪山广场 2 0
4 13 中南路 2 0
4 14 梅苑小区 0 0
4 15 武昌火车站 7 0
4 16 首义路 0 0
4 17 复兴路 0 0
4 18 拦江路 0 0
4 19 钟家村 6 0
4 20 汉阳火车站 0 0
4 21 五里墩 0 0
4 22 七里庙 0 0
4 23 十里铺 0 0
4 24 王家湾 3 0
4 25 玉龙路 0 0
4 26 永安堂 0 0
4 27 孟家铺 0 0
4 28 黄金口 0 0
4 29 新天 0 0
4 30 集贤 0 0
4 31 知音 0 0
4 32 新农 0 0
4 33 凤凰路 0 0
4 34 蔡甸广场 0 0
4 35 临漳大道 0 0
4 36 新庙村 0 0
4 37 柏林 0 0
6 1 富明南路 0 0
6 2 码头谭公园 1 0
6 3 临空港大道 0 0
6 4 二雅路 0 0
6 5 金银湖停车场 0 0
6 6 金银湖公园 0 0
6 7 金银湖 0 0
6 8 园博园北 7 0 
6 9 轻工大学 0 0
6 10 常青花园 2 0
6 11 杨汊路 0 0
6 12 石桥 0 0
6 13 唐家墩 0 0
6 14 三眼桥 0 0
6 15 香港路 3 7
6 16 苗栗路 0 0
6 17 大智路 1 0
6 18 江汉路 2 0
6 19 六渡桥 0 0
6 20 汉正街 0 0
6 21 武胜路 0 0
6 22 琴台 0 0
6 23 钟家村 4 0
6 24 马鹦路 0 0
6 25 建港 0 0
6 26 前进村 0 0
6 27 国博中心北 0 0
6 28 国博中心南 0 0
6 29 老关村 0 0
6 30 江城大道 0 0
6 31 车城东路 0 0
6 32 东风公司 3 0
7 1 黄陂广场 0 0
7 2 百泰路 0 0
7 3 北车基地 0 0
7 4 余彭G 0 0
7 5 横店 0 0
7 6 临空北路 0 0
7 7 天阳路 0 0
7 8 腾龙大道 0 0
7 9 巨龙大道 2 0
7 10 汤云海 0 0
7 11 马池 0 0
7 12 园博园北 6 0
7 13 园博园 0 0
7 14 常码头 0 0
7 15 武汉商务区 3 0
7 16 王家墩东 2 0
7 17 取水楼 0 0
7 18 香港路 3 6
7 19 三阳路 1 0
7 20 徐家棚 8 0
7 21 湖北大学 0 0
7 22 新河街 0 0
7 23 螃蟹岬 2 0
7 24 小东门 0 0
7 25 武昌火车站 4 0
7 26 瑞安街 0 0
7 27 建安街 0 0
7 28 湖工大 0 0
7 29 板桥 0 0
7 30 野芷湖 8 0
7 31 新路村 0 0
7 32 大花岭 0 0
7 33 江夏客厅 0 0
7 34 谭鑫培公园 0 0
7 35 北华街 0 0
7 36 纸坊大街 0 0
7 37 青龙山地铁小镇 0 0
8 1 金潭路 0 0
8 2 宏图大道 2 3
8 3 塔子湖 0 0
8 4 中一路 0 0
8 5 竹叶山 0 0
8 6 赵家条 3 0
8 7 黄浦路 1 0
8 8 徐家棚 7 0
8 9 徐东 0 0
8 10 汪家墩 0 0
8 11 岳家嘴 4 0
8 12 梨园 0 0
8 13 省博湖北日报 0 0
8 14 中南医院 0 0
8 15 水果湖 0 0
8 16 洪山路 0 0
8 17 小洪山 0 0
8 18 街道口 2 0
8 19 马房山 0 0
8 20 文治街 0 0
8 21 文昌路 0 0
8 22 省农科院 0 0
8 23 马湖 0 0
8 24 野芷湖 7 0
8 25 黄家湖地铁小镇 0 0
8 26 军运村 0 0